/batch
/config,noeldb,1     ! force off writing results to database
*get,_wallstrt,active,,time,wall
! ANSYS input file written by Workbench version 2026 R1
! File used for geometry attach: C:\Users\User\OneDrive\Documents\ANSYS Files\2D Conductio n_files\dp0\SYS\DM\SYS.scdocx
/title,2D Conductio n--Steady-State Thermal (B5)
! ****** Begin Custom Load Command Snippet ******
/COM, ACT Extensions:
/COM,     LSDYNA, 2026.1
/COM,     5f463412-bd3e-484b-87e7-cbc0a665e474, wbex
/COM,     ANSYSMotion, 2026.1
/COM,     20180725-3f81-49eb-9f31-41364844c769, wbex
! ****** End   Custom Load Command Snippet ******
*DIM,_wb_ProjectScratch_dir,string,248
_wb_ProjectScratch_dir(1) = 'C:\Users\User\OneDrive\Documents\ANSYS Files\_ProjectScratch\ScrDB30\'
*DIM,_wb_SolverFiles_dir,string,248
_wb_SolverFiles_dir(1) = 'C:\Users\User\OneDrive\Documents\ANSYS Files\2D Conductio n_files\dp0\SYS-1\MECH\'
*DIM,_wb_userfiles_dir,string,248
_wb_userfiles_dir(1) = 'C:\Users\User\OneDrive\Documents\ANSYS Files\2D Conductio n_files\user_files\'
/com,--- Data in consistent MKS units. See Solving Units in the help system for more information.
/units,MKS
/nopr
/wb,file,start              !  signify a WB generated input file
/prep7
! Turn off shape checking because checks already performed inside WB mesher.
! See help system for more information.
SHPP,OFF,,NOWARN
/nolist
etcon,set             ! allow ANSYS to choose best KEYOP's for 180x elements, resets any applicable keyopt to MAPDL defaults
/com,*********** Send User Defined Coordinate System(s) ***********
local,12,0,0.5,1.,0.,0.,0.,0.
local,13,0,0.5,1.,0.,0.,0.,0.
csys,0
/com,*********** Nodes for the whole assembly ***********
nblock,3,,476
(1i9,3e20.9e3)
        1     1.000000000E+00     2.000000000E+00     0.000000000E+00
        2     0.000000000E+00     2.000000000E+00     0.000000000E+00
        3     0.000000000E+00     0.000000000E+00     0.000000000E+00
        4     1.000000000E+00     0.000000000E+00     0.000000000E+00
        5     1.250000000E-01     1.250000000E-01     0.000000000E+00
        6     1.250000000E-01     2.500000000E-01     0.000000000E+00
        7     1.250000000E-01     3.750000000E-01     0.000000000E+00
        8     1.250000000E-01     5.000000000E-01     0.000000000E+00
        9     1.250000000E-01     6.250000000E-01     0.000000000E+00
       10     1.250000000E-01     7.500000000E-01     0.000000000E+00
       11     1.250000000E-01     8.750000000E-01     0.000000000E+00
       12     1.250000000E-01     1.000000000E+00     0.000000000E+00
       13     1.250000000E-01     1.125000000E+00     0.000000000E+00
       14     1.250000000E-01     1.250000000E+00     0.000000000E+00
       15     1.250000000E-01     1.375000000E+00     0.000000000E+00
       16     1.250000000E-01     1.500000000E+00     0.000000000E+00
       17     1.250000000E-01     1.625000000E+00     0.000000000E+00
       18     1.250000000E-01     1.750000000E+00     0.000000000E+00
       19     1.250000000E-01     1.875000000E+00     0.000000000E+00
       20     2.500000000E-01     1.250000000E-01     0.000000000E+00
       21     2.500000000E-01     2.500000000E-01     0.000000000E+00
       22     2.500000000E-01     3.750000000E-01     0.000000000E+00
       23     2.500000000E-01     5.000000000E-01     0.000000000E+00
       24     2.500000000E-01     6.250000000E-01     0.000000000E+00
       25     2.500000000E-01     7.500000000E-01     0.000000000E+00
       26     2.500000000E-01     8.750000000E-01     0.000000000E+00
       27     2.500000000E-01     1.000000000E+00     0.000000000E+00
       28     2.500000000E-01     1.125000000E+00     0.000000000E+00
       29     2.500000000E-01     1.250000000E+00     0.000000000E+00
       30     2.500000000E-01     1.375000000E+00     0.000000000E+00
       31     2.500000000E-01     1.500000000E+00     0.000000000E+00
       32     2.500000000E-01     1.625000000E+00     0.000000000E+00
       33     2.500000000E-01     1.750000000E+00     0.000000000E+00
       34     2.500000000E-01     1.875000000E+00     0.000000000E+00
       35     3.750000000E-01     1.250000000E-01     0.000000000E+00
       36     3.750000000E-01     2.500000000E-01     0.000000000E+00
       37     3.750000000E-01     3.750000000E-01     0.000000000E+00
       38     3.750000000E-01     5.000000000E-01     0.000000000E+00
       39     3.750000000E-01     6.250000000E-01     0.000000000E+00
       40     3.750000000E-01     7.500000000E-01     0.000000000E+00
       41     3.750000000E-01     8.750000000E-01     0.000000000E+00
       42     3.750000000E-01     1.000000000E+00     0.000000000E+00
       43     3.750000000E-01     1.125000000E+00     0.000000000E+00
       44     3.750000000E-01     1.250000000E+00     0.000000000E+00
       45     3.750000000E-01     1.375000000E+00     0.000000000E+00
       46     3.750000000E-01     1.500000000E+00     0.000000000E+00
       47     3.750000000E-01     1.625000000E+00     0.000000000E+00
       48     3.750000000E-01     1.750000000E+00     0.000000000E+00
       49     3.750000000E-01     1.875000000E+00     0.000000000E+00
       50     5.000000000E-01     1.250000000E-01     0.000000000E+00
       51     5.000000000E-01     2.500000000E-01     0.000000000E+00
       52     5.000000000E-01     3.750000000E-01     0.000000000E+00
       53     5.000000000E-01     5.000000000E-01     0.000000000E+00
       54     5.000000000E-01     6.250000000E-01     0.000000000E+00
       55     5.000000000E-01     7.500000000E-01     0.000000000E+00
       56     5.000000000E-01     8.750000000E-01     0.000000000E+00
       57     5.000000000E-01     1.000000000E+00     0.000000000E+00
       58     5.000000000E-01     1.125000000E+00     0.000000000E+00
       59     5.000000000E-01     1.250000000E+00     0.000000000E+00
       60     5.000000000E-01     1.375000000E+00     0.000000000E+00
       61     5.000000000E-01     1.500000000E+00     0.000000000E+00
       62     5.000000000E-01     1.625000000E+00     0.000000000E+00
       63     5.000000000E-01     1.750000000E+00     0.000000000E+00
       64     5.000000000E-01     1.875000000E+00     0.000000000E+00
       65     6.250000000E-01     1.250000000E-01     0.000000000E+00
       66     6.250000000E-01     2.500000000E-01     0.000000000E+00
       67     6.250000000E-01     3.750000000E-01     0.000000000E+00
       68     6.250000000E-01     5.000000000E-01     0.000000000E+00
       69     6.250000000E-01     6.250000000E-01     0.000000000E+00
       70     6.250000000E-01     7.500000000E-01     0.000000000E+00
       71     6.250000000E-01     8.750000000E-01     0.000000000E+00
       72     6.250000000E-01     1.000000000E+00     0.000000000E+00
       73     6.250000000E-01     1.125000000E+00     0.000000000E+00
       74     6.250000000E-01     1.250000000E+00     0.000000000E+00
       75     6.250000000E-01     1.375000000E+00     0.000000000E+00
       76     6.250000000E-01     1.500000000E+00     0.000000000E+00
       77     6.250000000E-01     1.625000000E+00     0.000000000E+00
       78     6.250000000E-01     1.750000000E+00     0.000000000E+00
       79     6.250000000E-01     1.875000000E+00     0.000000000E+00
       80     7.500000000E-01     1.250000000E-01     0.000000000E+00
       81     7.500000000E-01     2.500000000E-01     0.000000000E+00
       82     7.500000000E-01     3.750000000E-01     0.000000000E+00
       83     7.500000000E-01     5.000000000E-01     0.000000000E+00
       84     7.500000000E-01     6.250000000E-01     0.000000000E+00
       85     7.500000000E-01     7.500000000E-01     0.000000000E+00
       86     7.500000000E-01     8.750000000E-01     0.000000000E+00
       87     7.500000000E-01     1.000000000E+00     0.000000000E+00
       88     7.500000000E-01     1.125000000E+00     0.000000000E+00
       89     7.500000000E-01     1.250000000E+00     0.000000000E+00
       90     7.500000000E-01     1.375000000E+00     0.000000000E+00
       91     7.500000000E-01     1.500000000E+00     0.000000000E+00
       92     7.500000000E-01     1.625000000E+00     0.000000000E+00
       93     7.500000000E-01     1.750000000E+00     0.000000000E+00
       94     7.500000000E-01     1.875000000E+00     0.000000000E+00
       95     8.750000000E-01     1.250000000E-01     0.000000000E+00
       96     8.750000000E-01     2.500000000E-01     0.000000000E+00
       97     8.750000000E-01     3.750000000E-01     0.000000000E+00
       98     8.750000000E-01     5.000000000E-01     0.000000000E+00
       99     8.750000000E-01     6.250000000E-01     0.000000000E+00
      100     8.750000000E-01     7.500000000E-01     0.000000000E+00
      101     8.750000000E-01     8.750000000E-01     0.000000000E+00
      102     8.750000000E-01     1.000000000E+00     0.000000000E+00
      103     8.750000000E-01     1.125000000E+00     0.000000000E+00
      104     8.750000000E-01     1.250000000E+00     0.000000000E+00
      105     8.750000000E-01     1.375000000E+00     0.000000000E+00
      106     8.750000000E-01     1.500000000E+00     0.000000000E+00
      107     8.750000000E-01     1.625000000E+00     0.000000000E+00
      108     8.750000000E-01     1.750000000E+00     0.000000000E+00
      109     8.750000000E-01     1.875000000E+00     0.000000000E+00
      110     1.000000000E+00     1.250000000E-01     0.000000000E+00
      111     1.000000000E+00     2.500000000E-01     0.000000000E+00
      112     1.000000000E+00     3.750000000E-01     0.000000000E+00
      113     1.000000000E+00     5.000000000E-01     0.000000000E+00
      114     1.000000000E+00     6.250000000E-01     0.000000000E+00
      115     1.000000000E+00     7.500000000E-01     0.000000000E+00
      116     1.000000000E+00     8.750000000E-01     0.000000000E+00
      117     1.000000000E+00     1.000000000E+00     0.000000000E+00
      118     1.000000000E+00     1.125000000E+00     0.000000000E+00
      119     1.000000000E+00     1.250000000E+00     0.000000000E+00
      120     1.000000000E+00     1.375000000E+00     0.000000000E+00
      121     1.000000000E+00     1.500000000E+00     0.000000000E+00
      122     1.000000000E+00     1.625000000E+00     0.000000000E+00
      123     1.000000000E+00     1.750000000E+00     0.000000000E+00
      124     1.000000000E+00     1.875000000E+00     0.000000000E+00
      125     1.250000000E-01     0.000000000E+00     0.000000000E+00
      126     2.500000000E-01     0.000000000E+00     0.000000000E+00
      127     3.750000000E-01     0.000000000E+00     0.000000000E+00
      128     5.000000000E-01     0.000000000E+00     0.000000000E+00
      129     6.250000000E-01     0.000000000E+00     0.000000000E+00
      130     7.500000000E-01     0.000000000E+00     0.000000000E+00
      131     8.750000000E-01     0.000000000E+00     0.000000000E+00
      132     0.000000000E+00     1.875000000E+00     0.000000000E+00
      133     0.000000000E+00     1.750000000E+00     0.000000000E+00
      134     0.000000000E+00     1.625000000E+00     0.000000000E+00
      135     0.000000000E+00     1.500000000E+00     0.000000000E+00
      136     0.000000000E+00     1.375000000E+00     0.000000000E+00
      137     0.000000000E+00     1.250000000E+00     0.000000000E+00
      138     0.000000000E+00     1.125000000E+00     0.000000000E+00
      139     0.000000000E+00     1.000000000E+00     0.000000000E+00
      140     0.000000000E+00     8.750000000E-01     0.000000000E+00
      141     0.000000000E+00     7.500000000E-01     0.000000000E+00
      142     0.000000000E+00     6.250000000E-01     0.000000000E+00
      143     0.000000000E+00     5.000000000E-01     0.000000000E+00
      144     0.000000000E+00     3.750000000E-01     0.000000000E+00
      145     0.000000000E+00     2.500000000E-01     0.000000000E+00
      146     0.000000000E+00     1.250000000E-01     0.000000000E+00
      147     8.750000000E-01     2.000000000E+00     0.000000000E+00
      148     7.500000000E-01     2.000000000E+00     0.000000000E+00
      149     6.250000000E-01     2.000000000E+00     0.000000000E+00
      150     5.000000000E-01     2.000000000E+00     0.000000000E+00
      151     3.750000000E-01     2.000000000E+00     0.000000000E+00
      152     2.500000000E-01     2.000000000E+00     0.000000000E+00
      153     1.250000000E-01     2.000000000E+00     0.000000000E+00
      154     1.000000000E+00     1.937500000E+00     0.000000000E+00
      155     9.375000000E-01     2.000000000E+00     0.000000000E+00
      156     0.000000000E+00     1.937500000E+00     0.000000000E+00
      157     6.250000000E-02     2.000000000E+00     0.000000000E+00
      158     6.250000000E-02     0.000000000E+00     0.000000000E+00
      159     0.000000000E+00     6.250000000E-02     0.000000000E+00
      160     1.000000000E+00     6.250000000E-02     0.000000000E+00
      161     9.375000000E-01     0.000000000E+00     0.000000000E+00
      162     1.250000000E-01     1.875000000E-01     0.000000000E+00
      163     1.875000000E-01     1.250000000E-01     0.000000000E+00
      164     1.250000000E-01     6.250000000E-02     0.000000000E+00
      165     6.250000000E-02     1.250000000E-01     0.000000000E+00
      166     1.250000000E-01     3.125000000E-01     0.000000000E+00
      167     1.875000000E-01     2.500000000E-01     0.000000000E+00
      168     6.250000000E-02     2.500000000E-01     0.000000000E+00
      169     1.250000000E-01     4.375000000E-01     0.000000000E+00
      170     1.875000000E-01     3.750000000E-01     0.000000000E+00
      171     6.250000000E-02     3.750000000E-01     0.000000000E+00
      172     1.250000000E-01     5.625000000E-01     0.000000000E+00
      173     1.875000000E-01     5.000000000E-01     0.000000000E+00
      174     6.250000000E-02     5.000000000E-01     0.000000000E+00
      175     1.250000000E-01     6.875000000E-01     0.000000000E+00
      176     1.875000000E-01     6.250000000E-01     0.000000000E+00
      177     6.250000000E-02     6.250000000E-01     0.000000000E+00
      178     1.250000000E-01     8.125000000E-01     0.000000000E+00
      179     1.875000000E-01     7.500000000E-01     0.000000000E+00
      180     6.250000000E-02     7.500000000E-01     0.000000000E+00
      181     1.250000000E-01     9.375000000E-01     0.000000000E+00
      182     1.875000000E-01     8.750000000E-01     0.000000000E+00
      183     6.250000000E-02     8.750000000E-01     0.000000000E+00
      184     1.250000000E-01     1.062500000E+00     0.000000000E+00
      185     1.875000000E-01     1.000000000E+00     0.000000000E+00
      186     6.250000000E-02     1.000000000E+00     0.000000000E+00
      187     1.250000000E-01     1.187500000E+00     0.000000000E+00
      188     1.875000000E-01     1.125000000E+00     0.000000000E+00
      189     6.250000000E-02     1.125000000E+00     0.000000000E+00
      190     1.250000000E-01     1.312500000E+00     0.000000000E+00
      191     1.875000000E-01     1.250000000E+00     0.000000000E+00
      192     6.250000000E-02     1.250000000E+00     0.000000000E+00
      193     1.250000000E-01     1.437500000E+00     0.000000000E+00
      194     1.875000000E-01     1.375000000E+00     0.000000000E+00
      195     6.250000000E-02     1.375000000E+00     0.000000000E+00
      196     1.250000000E-01     1.562500000E+00     0.000000000E+00
      197     1.875000000E-01     1.500000000E+00     0.000000000E+00
      198     6.250000000E-02     1.500000000E+00     0.000000000E+00
      199     1.250000000E-01     1.687500000E+00     0.000000000E+00
      200     1.875000000E-01     1.625000000E+00     0.000000000E+00
      201     6.250000000E-02     1.625000000E+00     0.000000000E+00
      202     1.250000000E-01     1.812500000E+00     0.000000000E+00
      203     1.875000000E-01     1.750000000E+00     0.000000000E+00
      204     6.250000000E-02     1.750000000E+00     0.000000000E+00
      205     1.875000000E-01     1.875000000E+00     0.000000000E+00
      206     6.250000000E-02     1.875000000E+00     0.000000000E+00
      207     1.250000000E-01     1.937500000E+00     0.000000000E+00
      208     2.500000000E-01     1.875000000E-01     0.000000000E+00
      209     3.125000000E-01     1.250000000E-01     0.000000000E+00
      210     2.500000000E-01     6.250000000E-02     0.000000000E+00
      211     2.500000000E-01     3.125000000E-01     0.000000000E+00
      212     3.125000000E-01     2.500000000E-01     0.000000000E+00
      213     2.500000000E-01     4.375000000E-01     0.000000000E+00
      214     3.125000000E-01     3.750000000E-01     0.000000000E+00
      215     2.500000000E-01     5.625000000E-01     0.000000000E+00
      216     3.125000000E-01     5.000000000E-01     0.000000000E+00
      217     2.500000000E-01     6.875000000E-01     0.000000000E+00
      218     3.125000000E-01     6.250000000E-01     0.000000000E+00
      219     2.500000000E-01     8.125000000E-01     0.000000000E+00
      220     3.125000000E-01     7.500000000E-01     0.000000000E+00
      221     2.500000000E-01     9.375000000E-01     0.000000000E+00
      222     3.125000000E-01     8.750000000E-01     0.000000000E+00
      223     2.500000000E-01     1.062500000E+00     0.000000000E+00
      224     3.125000000E-01     1.000000000E+00     0.000000000E+00
      225     2.500000000E-01     1.187500000E+00     0.000000000E+00
      226     3.125000000E-01     1.125000000E+00     0.000000000E+00
      227     2.500000000E-01     1.312500000E+00     0.000000000E+00
      228     3.125000000E-01     1.250000000E+00     0.000000000E+00
      229     2.500000000E-01     1.437500000E+00     0.000000000E+00
      230     3.125000000E-01     1.375000000E+00     0.000000000E+00
      231     2.500000000E-01     1.562500000E+00     0.000000000E+00
      232     3.125000000E-01     1.500000000E+00     0.000000000E+00
      233     2.500000000E-01     1.687500000E+00     0.000000000E+00
      234     3.125000000E-01     1.625000000E+00     0.000000000E+00
      235     2.500000000E-01     1.812500000E+00     0.000000000E+00
      236     3.125000000E-01     1.750000000E+00     0.000000000E+00
      237     3.125000000E-01     1.875000000E+00     0.000000000E+00
      238     2.500000000E-01     1.937500000E+00     0.000000000E+00
      239     3.750000000E-01     1.875000000E-01     0.000000000E+00
      240     4.375000000E-01     1.250000000E-01     0.000000000E+00
      241     3.750000000E-01     6.250000000E-02     0.000000000E+00
      242     3.750000000E-01     3.125000000E-01     0.000000000E+00
      243     4.375000000E-01     2.500000000E-01     0.000000000E+00
      244     3.750000000E-01     4.375000000E-01     0.000000000E+00
      245     4.375000000E-01     3.750000000E-01     0.000000000E+00
      246     3.750000000E-01     5.625000000E-01     0.000000000E+00
      247     4.375000000E-01     5.000000000E-01     0.000000000E+00
      248     3.750000000E-01     6.875000000E-01     0.000000000E+00
      249     4.375000000E-01     6.250000000E-01     0.000000000E+00
      250     3.750000000E-01     8.125000000E-01     0.000000000E+00
      251     4.375000000E-01     7.500000000E-01     0.000000000E+00
      252     3.750000000E-01     9.375000000E-01     0.000000000E+00
      253     4.375000000E-01     8.750000000E-01     0.000000000E+00
      254     3.750000000E-01     1.062500000E+00     0.000000000E+00
      255     4.375000000E-01     1.000000000E+00     0.000000000E+00
      256     3.750000000E-01     1.187500000E+00     0.000000000E+00
      257     4.375000000E-01     1.125000000E+00     0.000000000E+00
      258     3.750000000E-01     1.312500000E+00     0.000000000E+00
      259     4.375000000E-01     1.250000000E+00     0.000000000E+00
      260     3.750000000E-01     1.437500000E+00     0.000000000E+00
      261     4.375000000E-01     1.375000000E+00     0.000000000E+00
      262     3.750000000E-01     1.562500000E+00     0.000000000E+00
      263     4.375000000E-01     1.500000000E+00     0.000000000E+00
      264     3.750000000E-01     1.687500000E+00     0.000000000E+00
      265     4.375000000E-01     1.625000000E+00     0.000000000E+00
      266     3.750000000E-01     1.812500000E+00     0.000000000E+00
      267     4.375000000E-01     1.750000000E+00     0.000000000E+00
      268     4.375000000E-01     1.875000000E+00     0.000000000E+00
      269     3.750000000E-01     1.937500000E+00     0.000000000E+00
      270     5.000000000E-01     1.875000000E-01     0.000000000E+00
      271     5.625000000E-01     1.250000000E-01     0.000000000E+00
      272     5.000000000E-01     6.250000000E-02     0.000000000E+00
      273     5.000000000E-01     3.125000000E-01     0.000000000E+00
      274     5.625000000E-01     2.500000000E-01     0.000000000E+00
      275     5.000000000E-01     4.375000000E-01     0.000000000E+00
      276     5.625000000E-01     3.750000000E-01     0.000000000E+00
      277     5.000000000E-01     5.625000000E-01     0.000000000E+00
      278     5.625000000E-01     5.000000000E-01     0.000000000E+00
      279     5.000000000E-01     6.875000000E-01     0.000000000E+00
      280     5.625000000E-01     6.250000000E-01     0.000000000E+00
      281     5.000000000E-01     8.125000000E-01     0.000000000E+00
      282     5.625000000E-01     7.500000000E-01     0.000000000E+00
      283     5.000000000E-01     9.375000000E-01     0.000000000E+00
      284     5.625000000E-01     8.750000000E-01     0.000000000E+00
      285     5.000000000E-01     1.062500000E+00     0.000000000E+00
      286     5.625000000E-01     1.000000000E+00     0.000000000E+00
      287     5.000000000E-01     1.187500000E+00     0.000000000E+00
      288     5.625000000E-01     1.125000000E+00     0.000000000E+00
      289     5.000000000E-01     1.312500000E+00     0.000000000E+00
      290     5.625000000E-01     1.250000000E+00     0.000000000E+00
      291     5.000000000E-01     1.437500000E+00     0.000000000E+00
      292     5.625000000E-01     1.375000000E+00     0.000000000E+00
      293     5.000000000E-01     1.562500000E+00     0.000000000E+00
      294     5.625000000E-01     1.500000000E+00     0.000000000E+00
      295     5.000000000E-01     1.687500000E+00     0.000000000E+00
      296     5.625000000E-01     1.625000000E+00     0.000000000E+00
      297     5.000000000E-01     1.812500000E+00     0.000000000E+00
      298     5.625000000E-01     1.750000000E+00     0.000000000E+00
      299     5.625000000E-01     1.875000000E+00     0.000000000E+00
      300     5.000000000E-01     1.937500000E+00     0.000000000E+00
      301     6.250000000E-01     1.875000000E-01     0.000000000E+00
      302     6.875000000E-01     1.250000000E-01     0.000000000E+00
      303     6.250000000E-01     6.250000000E-02     0.000000000E+00
      304     6.250000000E-01     3.125000000E-01     0.000000000E+00
      305     6.875000000E-01     2.500000000E-01     0.000000000E+00
      306     6.250000000E-01     4.375000000E-01     0.000000000E+00
      307     6.875000000E-01     3.750000000E-01     0.000000000E+00
      308     6.250000000E-01     5.625000000E-01     0.000000000E+00
      309     6.875000000E-01     5.000000000E-01     0.000000000E+00
      310     6.250000000E-01     6.875000000E-01     0.000000000E+00
      311     6.875000000E-01     6.250000000E-01     0.000000000E+00
      312     6.250000000E-01     8.125000000E-01     0.000000000E+00
      313     6.875000000E-01     7.500000000E-01     0.000000000E+00
      314     6.250000000E-01     9.375000000E-01     0.000000000E+00
      315     6.875000000E-01     8.750000000E-01     0.000000000E+00
      316     6.250000000E-01     1.062500000E+00     0.000000000E+00
      317     6.875000000E-01     1.000000000E+00     0.000000000E+00
      318     6.250000000E-01     1.187500000E+00     0.000000000E+00
      319     6.875000000E-01     1.125000000E+00     0.000000000E+00
      320     6.250000000E-01     1.312500000E+00     0.000000000E+00
      321     6.875000000E-01     1.250000000E+00     0.000000000E+00
      322     6.250000000E-01     1.437500000E+00     0.000000000E+00
      323     6.875000000E-01     1.375000000E+00     0.000000000E+00
      324     6.250000000E-01     1.562500000E+00     0.000000000E+00
      325     6.875000000E-01     1.500000000E+00     0.000000000E+00
      326     6.250000000E-01     1.687500000E+00     0.000000000E+00
      327     6.875000000E-01     1.625000000E+00     0.000000000E+00
      328     6.250000000E-01     1.812500000E+00     0.000000000E+00
      329     6.875000000E-01     1.750000000E+00     0.000000000E+00
      330     6.875000000E-01     1.875000000E+00     0.000000000E+00
      331     6.250000000E-01     1.937500000E+00     0.000000000E+00
      332     7.500000000E-01     1.875000000E-01     0.000000000E+00
      333     8.125000000E-01     1.250000000E-01     0.000000000E+00
      334     7.500000000E-01     6.250000000E-02     0.000000000E+00
      335     7.500000000E-01     3.125000000E-01     0.000000000E+00
      336     8.125000000E-01     2.500000000E-01     0.000000000E+00
      337     7.500000000E-01     4.375000000E-01     0.000000000E+00
      338     8.125000000E-01     3.750000000E-01     0.000000000E+00
      339     7.500000000E-01     5.625000000E-01     0.000000000E+00
      340     8.125000000E-01     5.000000000E-01     0.000000000E+00
      341     7.500000000E-01     6.875000000E-01     0.000000000E+00
      342     8.125000000E-01     6.250000000E-01     0.000000000E+00
      343     7.500000000E-01     8.125000000E-01     0.000000000E+00
      344     8.125000000E-01     7.500000000E-01     0.000000000E+00
      345     7.500000000E-01     9.375000000E-01     0.000000000E+00
      346     8.125000000E-01     8.750000000E-01     0.000000000E+00
      347     7.500000000E-01     1.062500000E+00     0.000000000E+00
      348     8.125000000E-01     1.000000000E+00     0.000000000E+00
      349     7.500000000E-01     1.187500000E+00     0.000000000E+00
      350     8.125000000E-01     1.125000000E+00     0.000000000E+00
      351     7.500000000E-01     1.312500000E+00     0.000000000E+00
      352     8.125000000E-01     1.250000000E+00     0.000000000E+00
      353     7.500000000E-01     1.437500000E+00     0.000000000E+00
      354     8.125000000E-01     1.375000000E+00     0.000000000E+00
      355     7.500000000E-01     1.562500000E+00     0.000000000E+00
      356     8.125000000E-01     1.500000000E+00     0.000000000E+00
      357     7.500000000E-01     1.687500000E+00     0.000000000E+00
      358     8.125000000E-01     1.625000000E+00     0.000000000E+00
      359     7.500000000E-01     1.812500000E+00     0.000000000E+00
      360     8.125000000E-01     1.750000000E+00     0.000000000E+00
      361     8.125000000E-01     1.875000000E+00     0.000000000E+00
      362     7.500000000E-01     1.937500000E+00     0.000000000E+00
      363     8.750000000E-01     1.875000000E-01     0.000000000E+00
      364     9.375000000E-01     1.250000000E-01     0.000000000E+00
      365     8.750000000E-01     6.250000000E-02     0.000000000E+00
      366     8.750000000E-01     3.125000000E-01     0.000000000E+00
      367     9.375000000E-01     2.500000000E-01     0.000000000E+00
      368     8.750000000E-01     4.375000000E-01     0.000000000E+00
      369     9.375000000E-01     3.750000000E-01     0.000000000E+00
      370     8.750000000E-01     5.625000000E-01     0.000000000E+00
      371     9.375000000E-01     5.000000000E-01     0.000000000E+00
      372     8.750000000E-01     6.875000000E-01     0.000000000E+00
      373     9.375000000E-01     6.250000000E-01     0.000000000E+00
      374     8.750000000E-01     8.125000000E-01     0.000000000E+00
      375     9.375000000E-01     7.500000000E-01     0.000000000E+00
      376     8.750000000E-01     9.375000000E-01     0.000000000E+00
      377     9.375000000E-01     8.750000000E-01     0.000000000E+00
      378     8.750000000E-01     1.062500000E+00     0.000000000E+00
      379     9.375000000E-01     1.000000000E+00     0.000000000E+00
      380     8.750000000E-01     1.187500000E+00     0.000000000E+00
      381     9.375000000E-01     1.125000000E+00     0.000000000E+00
      382     8.750000000E-01     1.312500000E+00     0.000000000E+00
      383     9.375000000E-01     1.250000000E+00     0.000000000E+00
      384     8.750000000E-01     1.437500000E+00     0.000000000E+00
      385     9.375000000E-01     1.375000000E+00     0.000000000E+00
      386     8.750000000E-01     1.562500000E+00     0.000000000E+00
      387     9.375000000E-01     1.500000000E+00     0.000000000E+00
      388     8.750000000E-01     1.687500000E+00     0.000000000E+00
      389     9.375000000E-01     1.625000000E+00     0.000000000E+00
      390     8.750000000E-01     1.812500000E+00     0.000000000E+00
      391     9.375000000E-01     1.750000000E+00     0.000000000E+00
      392     9.375000000E-01     1.875000000E+00     0.000000000E+00
      393     8.750000000E-01     1.937500000E+00     0.000000000E+00
      394     1.000000000E+00     1.875000000E-01     0.000000000E+00
      395     1.000000000E+00     3.125000000E-01     0.000000000E+00
      396     1.000000000E+00     4.375000000E-01     0.000000000E+00
      397     1.000000000E+00     5.625000000E-01     0.000000000E+00
      398     1.000000000E+00     6.875000000E-01     0.000000000E+00
      399     1.000000000E+00     8.125000000E-01     0.000000000E+00
      400     1.000000000E+00     9.375000000E-01     0.000000000E+00
      401     1.000000000E+00     1.062500000E+00     0.000000000E+00
      402     1.000000000E+00     1.187500000E+00     0.000000000E+00
      403     1.000000000E+00     1.312500000E+00     0.000000000E+00
      404     1.000000000E+00     1.437500000E+00     0.000000000E+00
      405     1.000000000E+00     1.562500000E+00     0.000000000E+00
      406     1.000000000E+00     1.687500000E+00     0.000000000E+00
      407     1.000000000E+00     1.812500000E+00     0.000000000E+00
      408     1.875000000E-01     0.000000000E+00     0.000000000E+00
      409     3.125000000E-01     0.000000000E+00     0.000000000E+00
      410     4.375000000E-01     0.000000000E+00     0.000000000E+00
      411     5.625000000E-01     0.000000000E+00     0.000000000E+00
      412     6.875000000E-01     0.000000000E+00     0.000000000E+00
      413     8.125000000E-01     0.000000000E+00     0.000000000E+00
      414     0.000000000E+00     1.812500000E+00     0.000000000E+00
      415     0.000000000E+00     1.687500000E+00     0.000000000E+00
      416     0.000000000E+00     1.562500000E+00     0.000000000E+00
      417     0.000000000E+00     1.437500000E+00     0.000000000E+00
      418     0.000000000E+00     1.312500000E+00     0.000000000E+00
      419     0.000000000E+00     1.187500000E+00     0.000000000E+00
      420     0.000000000E+00     1.062500000E+00     0.000000000E+00
      421     0.000000000E+00     9.375000000E-01     0.000000000E+00
      422     0.000000000E+00     8.125000000E-01     0.000000000E+00
      423     0.000000000E+00     6.875000000E-01     0.000000000E+00
      424     0.000000000E+00     5.625000000E-01     0.000000000E+00
      425     0.000000000E+00     4.375000000E-01     0.000000000E+00
      426     0.000000000E+00     3.125000000E-01     0.000000000E+00
      427     0.000000000E+00     1.875000000E-01     0.000000000E+00
      428     8.125000000E-01     2.000000000E+00     0.000000000E+00
      429     6.875000000E-01     2.000000000E+00     0.000000000E+00
      430     5.625000000E-01     2.000000000E+00     0.000000000E+00
      431     4.375000000E-01     2.000000000E+00     0.000000000E+00
      432     3.125000000E-01     2.000000000E+00     0.000000000E+00
      433     1.875000000E-01     2.000000000E+00     0.000000000E+00
-1
/wb,elem,start            !  set before creation of elements
/com,*********** Elements for Body 1 'SYS\Surface' ***********
et,1,293
keyo,1,3,3
MAT,1 $ TYPE,1 $ REAL,1 $ SECNUM,1 $ ESYS,0    ! ELEMNODES = 8
eblock,21,COMPACT,,128
(21i9)
        1      125        5      146        3      164      165      159      158
        2      126       20        5      125      210      163      164      408
        3      127       35       20      126      241      209      210      409
        4      128       50       35      127      272      240      241      410
        5      129       65       50      128      303      271      272      411
        6      130       80       65      129      334      302      303      412
        7      131       95       80      130      365      333      334      413
        8        4      110       95      131      160      364      365      161
        9        5        6      145      146      162      168      427      165
       10       20       21        6        5      208      167      162      163
       11       35       36       21       20      239      212      208      209
       12       50       51       36       35      270      243      239      240
       13       65       66       51       50      301      274      270      271
       14       80       81       66       65      332      305      301      302
       15       95       96       81       80      363      336      332      333
       16      110      111       96       95      394      367      363      364
       17        6        7      144      145      166      171      426      168
       18       21       22        7        6      211      170      166      167
       19       36       37       22       21      242      214      211      212
       20       51       52       37       36      273      245      242      243
       21       66       67       52       51      304      276      273      274
       22       81       82       67       66      335      307      304      305
       23       96       97       82       81      366      338      335      336
       24      111      112       97       96      395      369      366      367
       25        7        8      143      144      169      174      425      171
       26       22       23        8        7      213      173      169      170
       27       37       38       23       22      244      216      213      214
       28       52       53       38       37      275      247      244      245
       29       67       68       53       52      306      278      275      276
       30       82       83       68       67      337      309      306      307
       31       97       98       83       82      368      340      337      338
       32      112      113       98       97      396      371      368      369
       33        8        9      142      143      172      177      424      174
       34       23       24        9        8      215      176      172      173
       35       38       39       24       23      246      218      215      216
       36       53       54       39       38      277      249      246      247
       37       68       69       54       53      308      280      277      278
       38       83       84       69       68      339      311      308      309
       39       98       99       84       83      370      342      339      340
       40      113      114       99       98      397      373      370      371
       41        9       10      141      142      175      180      423      177
       42       24       25       10        9      217      179      175      176
       43       39       40       25       24      248      220      217      218
       44       54       55       40       39      279      251      248      249
       45       69       70       55       54      310      282      279      280
       46       84       85       70       69      341      313      310      311
       47       99      100       85       84      372      344      341      342
       48      114      115      100       99      398      375      372      373
       49       10       11      140      141      178      183      422      180
       50       25       26       11       10      219      182      178      179
       51       40       41       26       25      250      222      219      220
       52       55       56       41       40      281      253      250      251
       53       70       71       56       55      312      284      281      282
       54       85       86       71       70      343      315      312      313
       55      100      101       86       85      374      346      343      344
       56      115      116      101      100      399      377      374      375
       57       11       12      139      140      181      186      421      183
       58       26       27       12       11      221      185      181      182
       59       41       42       27       26      252      224      221      222
       60       56       57       42       41      283      255      252      253
       61       71       72       57       56      314      286      283      284
       62       86       87       72       71      345      317      314      315
       63      101      102       87       86      376      348      345      346
       64      116      117      102      101      400      379      376      377
       65       12       13      138      139      184      189      420      186
       66       27       28       13       12      223      188      184      185
       67       42       43       28       27      254      226      223      224
       68       57       58       43       42      285      257      254      255
       69       72       73       58       57      316      288      285      286
       70       87       88       73       72      347      319      316      317
       71      102      103       88       87      378      350      347      348
       72      117      118      103      102      401      381      378      379
       73       13       14      137      138      187      192      419      189
       74       28       29       14       13      225      191      187      188
       75       43       44       29       28      256      228      225      226
       76       58       59       44       43      287      259      256      257
       77       73       74       59       58      318      290      287      288
       78       88       89       74       73      349      321      318      319
       79      103      104       89       88      380      352      349      350
       80      118      119      104      103      402      383      380      381
       81       14       15      136      137      190      195      418      192
       82       29       30       15       14      227      194      190      191
       83       44       45       30       29      258      230      227      228
       84       59       60       45       44      289      261      258      259
       85       74       75       60       59      320      292      289      290
       86       89       90       75       74      351      323      320      321
       87      104      105       90       89      382      354      351      352
       88      119      120      105      104      403      385      382      383
       89       15       16      135      136      193      198      417      195
       90       30       31       16       15      229      197      193      194
       91       45       46       31       30      260      232      229      230
       92       60       61       46       45      291      263      260      261
       93       75       76       61       60      322      294      291      292
       94       90       91       76       75      353      325      322      323
       95      105      106       91       90      384      356      353      354
       96      120      121      106      105      404      387      384      385
       97       16       17      134      135      196      201      416      198
       98       31       32       17       16      231      200      196      197
       99       46       47       32       31      262      234      231      232
      100       61       62       47       46      293      265      262      263
      101       76       77       62       61      324      296      293      294
      102       91       92       77       76      355      327      324      325
      103      106      107       92       91      386      358      355      356
      104      121      122      107      106      405      389      386      387
      105       17       18      133      134      199      204      415      201
      106       32       33       18       17      233      203      199      200
      107       47       48       33       32      264      236      233      234
      108       62       63       48       47      295      267      264      265
      109       77       78       63       62      326      298      295      296
      110       92       93       78       77      357      329      326      327
      111      107      108       93       92      388      360      357      358
      112      122      123      108      107      406      391      388      389
      113       18       19      132      133      202      206      414      204
      114       33       34       19       18      235      205      202      203
      115       48       49       34       33      266      237      235      236
      116       63       64       49       48      297      268      266      267
      117       78       79       64       63      328      299      297      298
      118       93       94       79       78      359      330      328      329
      119      108      109       94       93      390      361      359      360
      120      123      124      109      108      407      392      390      391
      121       19      153        2      132      207      157      156      206
      122       34      152      153       19      238      433      207      205
      123       49      151      152       34      269      432      238      237
      124       64      150      151       49      300      431      269      268
      125       79      149      150       64      331      430      300      299
      126       94      148      149       79      362      429      331      330
      127      109      147      148       94      393      428      362      361
      128      124        1      147      109      154      155      393      392
-1
secnum,1    ! reset the section ID to default
! Material Id = {BEE69B06-1FE8-43E9-8DAD-E609911F4682}
/wb,elem,end               !  done creating elements
toffst,273.15,      ! Temperature offset from absolute zero
/wb,mat,start              !  starting to send materials
/com,*********** Send Materials ***********
MP,KXX,1,1,	! W m^-1 C^-1
MP,UVID,1,d94c167b-87be-402f-a237-46b2a5fb2c68

/wb,mat,end                !  done sending materials
/com,*********** Send Sheet Properties ***********
r,1,1.

!************************* Model Summary ********************
! SYS\Surface,	big red,	matid,	1
!************************* End Model Summary ********************
! get the diagonal of the bounding box. Needed later for other things
*get,_xmin,node,,mnloc,x
*get,_ymin,node,,mnloc,y
*get,_zmin,node,,mnloc,z
*get,_xmax,node,,mxloc,x
*get,_ymax,node,,mxloc,y
*get,_zmax,node,,mxloc,z
_ASMDIAG=(_xmax-_xmin)*(_xmax-_xmin)+(_ymax-_ymin)*(_ymax-_ymin)+(_zmax-_zmin)*(_zmax-_zmin)
_ASMDIAG=SQRT(_ASMDIAG)
/wb,contact,start          !  starting to send contact
/wb,contact,end            !  done creating contacts
/golist
/wb,load,start             !  starting to send loads
/com,*********** Define Temperature Constraint ***********
CMBLOCK,_CM47   ,NODE,        8
(8i10)
         3         4       125      -131       158       161       408      -413
fcum,add                   ! add nodal forces up (needed in case have loads on the same edge,vertex)
fcum                       ! reset default on fcum command since done sending WB F loads
/com,*********** Create "Convection" ***********
et,2,151
keyop,2,3,10        ! get plane option and thickness from underlying element
MAT,2 $ TYPE,2 $ REAL,2 $ SECNUM,2 $ ESYS,0    ! ELEMNODES = 3
eblock,21,COMPACT,,16
(21i9)
      129      110        4      160
      130      111      110      394
      131      112      111      395
      132      113      112      396
      133      114      113      397
      134      115      114      398
      135      116      115      399
      136      117      116      400
      137      118      117      401
      138      119      118      402
      139      120      119      403
      140      121      120      404
      141      122      121      405
      142      123      122      406
      143      124      123      407
      144        1      124      154
-1
secnum,1    ! reset the section ID to default
esel,s,type,,2
keyop,2,8,2
keyop,2,13,0
esel,all
/com,***************** Define Uniform Initial temperature ***************
tunif,22.
/gst,on,on
fini
*get,_numnode,node,0,count
*get,_numelem,elem,0,count
*get, _MAXELEMNUM, elem, 0, NUM, MAX
*get, _MAXNODENUM, node, 0, NUM, MAX
*get, _MAXELEMTYPE, etyp, 0, NUM, MAX
*get, _MAXREALCONST, rcon, 0, NUM, MAX
/go
/wb,load,end               !  done creating loads
/com,--- Number of total nodes = %_numnode%
/com,--- Number of contact elements = 16
/com,--- Number of spring elements = 0
/com,--- Number of bearing elements = 0
/com,--- Number of solid elements = 128
/com,--- Number of condensed parts = 0
/com,--- Number of total elements = %_numelem%
*get,_wallbsol,active,,time,wall
/com,****************************************************************************
/com,*************************    SOLUTION       ********************************
/com,****************************************************************************
/solu
antype,0                   ! static analysis
!eqsl,sparse               ! using sparse solver which is default so no eqsl command needed
cntr,print,1               ! print out contact info and also make no initial contact an error
cncheck,dmp		!	Enable program controlled contact splitting for distributed memory parallel run
rescontrol,,none                 ! Do not keep any restart files
dmpoption,emat,no             ! Don't combine emat file for DANSYS
dmpoption,esav,no             ! Don't combine esav file for DANSYS
/com,****************************************************
/com,******************* SOLVE FOR LS 1 OF 1 ****************
d,_CM47,temp,1.
esel,s,type,,2
nsle
sf,all,conv,5.,0.
nsel,all
esel,all
/nopr
/gopr
autots,on
nsub,1,10,1
time,1.
outres,erase
outres,all,none
outres,nsol,all
outres,rsol,all
outres,eangl,all
outres,veng,all
outres,fflux,all,
outres,cont,all,
/nopr
esel,s,type,,2
cm,_elmisc,elem
esel,all
/gopr
outres,misc,all,_elmisc
cnvtol,heat,,1.e-003,,1.e-006 ! Program Controlled. Set MINREF equivalent of 1e-6 Watts
! *********** WB SOLVE COMMAND ***********
! check interactive state
*get,ANSINTER_,active,,int
*if,ANSINTER_,ne,0,then
/eof
*endif
solve
/com *************** Write FE CONNECTORS ********* 
CEWRITE,file,ce,,INTE
/com,****************************************************
/com,*************** FINISHED SOLVE FOR LS 1 *************
fini
*get,_wallasol,active,,time,wall
/post1
xmlo,ENCODING,ISO-8859-1
xmlo,parm
/xml,parm,xml
fini
/gopr
*get,_walldone,active,,time,wall
_preptime=(_wallbsol-_wallstrt)*3600
_solvtime=(_wallasol-_wallbsol)*3600
_posttime=(_walldone-_wallasol)*3600
_totaltim=(_walldone-_wallstrt)*3600
*get,_dlbratio,active,0,solu,dlbr
*get,_combtime,active,0,solu,comb
*get,_ssmode,active,0,solu,ssmm
*get,_ndofs,active,0,solu,ndof
/fclean				!clean distributed files
/com,--- Total number of nodes = %_numnode%
/com,--- Total number of elements = %_numelem%
/com,--- Element load balance ratio = %_dlbratio%
/com,--- Time to combine distributed files = %_combtime%
/com,--- Sparse memory mode = %_ssmode%
/com,--- Number of DOF = %_ndofs%
/wb,file,end               ! done with WB generated input
